100
3 1 4
1100
1010
0000
1000
2 4 4
1111
1111
1111
0111
1011
1101
1 8 7
0010100
0001100
0000100
1111011
1000001
0110111
0010010
0101000
1011000
10 10 7
0110010
0111000
0010100
0110010
0010000
0100010
0111001
0110000
0110000
0010010
1110010
0110000
0111000
0110010
0010000
0010010
0111001
0111010
0100010
0010100
10 10 6
000100
000111
100101
111000
101001
110010
001101
011111
101101
101101
110010
000100
111000
001101
000111
011111
101001
100100
101101
100101
10 10 4
0111
1100
0100
1110
1000
0011
0010
0010
1100
0000
0111
1110
0011
0000
0101
1100
1111
1000
0010
0100
10 10 8
01110010
10100111
11001010
00111000
00010001
10010000
00111000
01101011
01000101
01010110
01110010
10010000
01010110
10100111
11110010
01101011
01000101
00111000
00010001
11001010
3 10 4
0101
0101
0100
0110
1111
0100
1001
1100
0011
0111
1010
0101
1101
10 10 6
110010
011100
111010
110010
111010
011100
011000
111110
110000
011110
111010
110000
011100
011110
110110
110010
100010
111110
010010
011000
10 10 4
1011
1011
1011
1011
1011
1011
1011
1011
1011
1011
0010
1110
1011
0111
1101
0011
1001
1010
0001
1111
10 10 4
1000
0010
1011
0011
0001
1100
1000
0001
0110
1001
1010
0010
1000
0110
1100
0001
0011
1011
0000
1001
10 10 7
0110101
0100101
1110010
0100101
0000101
1010010
0000101
1000101
1000101
0110111
1110010
0110101
0111101
1110101
0010101
0100101
0110111
0000101
1000101
1010010
10 10 5
00111
00110
00001
10010
00000
01100
00110
01100
01000
01011
00111
10010
00001
01000
10111
00110
01100
00000
01111
01011
10 10 6
110101
110000
111101
110100
111101
111100
111101
110010
101101
111100
101101
110101
010101
111100
111101
110000
100101
110001
110010
110100
10 10 6
011010
000100
110010
010111
100111
111111
111011
110111
100010
001010
110010
011010
000100
010111
100111
001010
100010
111011
111111
110111
10 10 9
111100000
000001000
101100111
100001110
011011110
101101001
011010100
111011100
011010110
000010101
000110001
111011000
110000101
000010101
000100110
010100000
000100101
000101100
001110000
001010101
10 10 5
11010
01111
11001
10010
00011
00111
11110
00101
10010
11100
00011
11110
11001
01111
11100
00111
00101
01010
11010
10010
10 10 9
001001011
011000101
100110111
101000010
011101110
111110010
001110001
100100100
111011100
111010001
001110001
011101110
001001011
111110010
101000010
111011100
111010001
100100100
011000101
100110111
1 1 1
1
1
1 10 10
1001110100
1001011101
1001110100
0010100110
0000100011
1001000001
0111000011
0000011110
1000011100
0100101001
1101110110
10 10 4
0001
0011
1001
1111
0101
1110
0111
0000
1101
1011
1101
0011
1111
0111
1110
0101
0001
1001
1011
0000
10 10 6
101101
011000
000110
100010
111010
011111
001000
000001
101110
110011
011001
100010
001100
010111
111010
001000
100101
001001
001010
101111
10 10 9
011010010
011010010
011010010
011010010
011010010
011010010
011010010
011010010
011010010
011010010
011010000
011010110
011010010
001010010
010010010
011000010
011110010
011011010
011010011
111010010
10 7 3
111
010
000
011
011
001
101
001
101
111
101
000
111
010
001
011
110
10 10 7
0010110
0011110
0101110
1111110
1111110
0111110
1111010
1101110
1111110
0001110
0010110
1010110
1101110
0001110
1111110
0101110
0110110
0011110
0111110
1111010
10 10 7
0001001
0000011
0001100
1111101
0000010
0001101
1111111
1111111
1111101
0111111
0001100
0111111
0000011
0101001
1111101
1111111
1001001
0001001
0001101
0000010
10 10 10
1100000100
0110100010
1100110101
0100000111
1010011010
0000100011
0100000000
0110011000
1011100100
1100000001
1010011010
1011100100
0100000111
0110011000
0110100010
0100000000
0000100011
1100000100
1100110101
1100000001
10 8 10
1101010110
0110000010
0111001000
1100110010
0001101101
0110110110
0101110111
1011000001
1011111110
0010011110
1001010000
0011010110
0001010101
1011001101
0100111110
1011001100
1111101110
1011000000
1 1 4
0000
0000
10 10 5
01101
00110
00100
10100
00101
10101
01110
00101
00111
00001
01101
01110
10101
11101
00111
00101
00100
00110
00001
10100
10 10 10
1101010010
1100010010
1101010010
1101010010
1101010010
1101110010
1101010010
1101011010
1101010010
1101010010
1101000010
1101010000
1101110010
0101010010
1111010010
1101011010
1101010110
1100010010
1001010010
1101010010
10 10 6
110010
100101
001001
101000
100111
101101
100001
101001
001011
110110
100111
101101
101000
101001
110010
001011
110110
100101
001001
100001
10 10 10
0111111001
1010101101
1111010101
1001100101
1000000011
0111100100
0101110110
0110000001
0110011001
0100000001
1000000011
0101110110
0100000001
1010101101
0110000001
0111100100
0111111001
1001100101
1111010101
0110011001
10 10 7
0010111
0110001
1000011
1101001
0010110
1000101
1000010
1001110
1111000
1011001
1101001
0010110
1000010
1000011
0110001
1011001
1111000
0010111
1000101
1001110
1 10 10
1000100001
1010010010
0000001001
1100101101
0011010101
0110000111
1000100001
1111111111
0110110011
0000001101
1000110000
10 10 6
100110
101101
100001
011110
011001
111001
110100
110110
011010
100010
011010
100010
011001
111001
011110
110100
110110
101101
100110
100001
10 10 7
0111011
0111011
0111011
0111011
0111011
0111011
0111011
0111011
0111011
0111011
0111011
0111111
0111010
1101011
0011011
0111001
0101011
1111011
1011011
0110011
10 10 5
00111
00001
10010
01111
00011
11011
01011
00110
00111
01111
10010
00101
00111
00001
00011
00110
10111
01011
11011
01111
3 2 10
0001110100
1101101101
0001011000
1101000101
1111001011
10 4 7
0100000
1000000
1010011
1110001
0101010
1010110
0110110
1010111
0001011
1100111
0101011
1100011
1101010
0100000
6 6 10
0010010111
0110111011
0000001101
1101000110
0000100010
1011101111
0111101101
0000010011
0011010100
0011100100
1001000000
0001100100
10 10 10
1100100100
0011110011
1101111100
0101101101
1100000011
1010000100
1000011110
1101111101
0001000001
0101101010
1100100100
1100000011
1010000100
1101111101
0001000001
1000011110
0101101101
0011110011
1101111100
0101101010
10 10 5
01000
00111
00111
01110
01110
01110
01110
01110
00111
00111
00111
00000
01111
01000
01001
11000
10111
01010
01100
01110
10 10 4
0010
1000
0010
0010
1000
1000
1000
0110
0110
1000
0000
1000
1001
0100
1110
1010
0011
0010
1100
0110
7 6 10
0001000010
0000011110
0011100010
1011111101
1010000101
0110100011
0110110101
0011100100
1010010010
1110101001
1011110010
0011011100
1101101011
6 10 10
0010100101
1010011110
1101110111
0010100100
1100001101
1100101101
1100010110
0100000101
0111001010
1000011000
1110000010
1000011001
0101110110
1000000111
0010110111
0101111010
10 10 4
1101
1101
1101
1101
1000
1101
1101
1101
1101
1101
1101
0111
1010
1111
1001
0001
1000
0101
0000
1100
10 10 6
100010
000000
001101
101010
111111
000110
000100
111100
010110
011000
101010
001101
000110
100010
000000
000100
111100
011000
010110
111111
10 10 5
11001
00100
01001
01000
01000
00100
01000
10100
00000
01100
10100
00000
01001
01000
11011
11101
11001
01100
00100
10001
10 10 4
1010
0110
0110
0110
1110
1010
0110
0100
0010
0100
1100
1110
0111
0010
1010
1000
1111
0100
0110
1011
10 10 10
1100010010
1000010001
1000011010
1000011101
1000011001
1100011101
1100000010
1000010011
1000010010
1000011101
1000010001
1100011101
1100010010
1000011010
1000011101
1000010010
1000010011
0100010010
1000011001
1100000010
10 10 6
010010
110101
101010
100110
010011
111011
101101
100010
011100
101001
111011
100010
101010
101001
110101
011100
100110
010011
101101
010010
10 10 9
000100010
001100010
101100010
001100010
000000010
011100010
011110010
000100010
001000010
001000010
101100010
011110010
001100010
000000010
011100010
010100010
000110010
000100010
001000010
100100010
10 6 10
1011101100
0011000100
1110001011
0010001000
1101110000
0010011101
1011010001
0111011010
1100100010
0011101100
0110100001
1000100001
0101110110
0111100011
1110001110
0101100010
10 10 10
0001110010
0010001100
0010000100
0001110010
0001110010
0001110010
1010000100
0010000100
0010000100
0001110010
1010001001
1000011010
1011110101
0011101110
1111000010
1001101000
1001010111
1101010100
1010110111
0001101101
10 10 5
11110
11000
10100
11010
11101
11100
10101
01000
11000
11111
11010
11110
10101
11101
01000
11100
01110
10100
11111
11000
10 10 5
10111
11101
10000
01010
01011
11111
00100
01110
11111
11110
10111
11010
00111
11000
11100
10110
00000
10011
00101
01000
10 10 6
001001
101010
101011
101001
001101
011100
001011
101001
101011
001100
001101
000001
101010
101001
101011
001011
011100
001001
011001
001100
1 10 10
0100100011
0010100011
0101100101
0111001011
1001011010
1101101110
1110011011
0100100011
0111110111
0001110001
0100011000
10 10 6
100001
001110
001110
001110
100001
001110
001110
100001
001010
001110
101001
000001
110001
100101
100001
100000
101110
001010
001110
100011
10 9 6
111010
100001
100001
000001
001001
110110
001001
111111
000010
000000
101110
000110
111111
110001
101010
001111
111010
010011
011000
10 10 5
11010
10011
00011
00000
00111
00001
00101
10010
00010
10010
10011
01010
00111
11010
00010
00000
00011
00001
00101
10010
1 10 10
1101110101
1101110011
0010100110
0111101000
0001000010
0110101110
0101100110
1110100101
0100101110
1101110101
1101110111
10 10 9
011011100
110001110
110000001
001001111
111101101
011101011
000000110
000001111
011001001
100010100
001001111
110001110
000001111
011101011
000000110
011011100
100010100
110000001
111101101
011001001
10 10 4
1001
0001
1000
1001
1001
0000
1101
0001
1010
1000
1001
0011
0101
1010
1000
1101
0000
0001
1100
1011
10 10 8
11101001
11111001
01010100
10110101
01111011
11100001
00100110
00111010
10011111
10111111
11101001
11100001
00111010
10110101
00100110
01111011
01010100
11111001
10011111
10111111
10 3 2
11
00
00
11
01
11
01
10
00
11
00
11
01
10 10 9
001001001
001001001
110001001
100001001
101001001
010101001
101011001
101101001
101011001
101001001
101001001
100001001
101011001
001101001
000001001
001001001
101101001
010101001
011001001
110001001
10 10 5
00010
11000
00110
00001
10001
11010
10000
00010
11001
11010
10010
00010
00110
11000
11001
10000
11010
00001
01010
10001
10 10 4
0111
0110
0010
0110
0110
1100
0110
1110
1010
0010
0101
1010
0111
1111
1100
1110
0010
0110
0011
0100
10 10 8
11011010
10000010
00100101
10100100
10001100
10101000
11111000
11011011
11111001
01010111
11111001
11011010
00100101
11111000
11011011
10100100
10001100
01010111
10101000
10000010
10 10 7
0000100
0000000
0000100
1111001
1111000
1100001
0010101
0000100
0000000
0010100
1000100
0000100
0001100
1111001
0000000
0100100
1111000
1100001
0010101
0010100
10 10 6
001110
000001
000100
111100
001101
100101
100000
000010
000001
111001
101110
100000
000100
001101
111001
001110
100101
111100
000001
000010
8 10 6
000011
111001
111110
011100
101011
111101
101000
001001
000011
100011
101000
101011
010001
011010
010101
001000
111010
110011
10 10 7
0000000
0101100
0101100
0000000
0101100
0000000
0111001
0000000
0101100
0101100
0000100
0111001
0000000
0000010
0010000
0000001
0101100
0100000
1000000
0001000
10 10 9
111100001
110100101
101100111
111100111
111110011
111100011
111000011
111100101
111100001
111101011
111100101
111100011
111110011
101100111
111100001
111101011
110100101
011100001
111100111
111000011
10 3 2
00
01
00
00
00
01
10
01
01
10
00
01
10
10 10 6
101001
100010
010010
000011
110101
011100
110100
110111
110001
011111
011001
110111
011110
100110
010110
011000
110000
010111
100010
000001
10 10 5
11110
01000
11100
01000
10111
10101
10000
10111
01000
10010
10111
01000
01110
11010
10000
10101
10110
11110
10010
11100
10 10 5
00001
00001
00001
00001
00001
00001
00001
00001
00001
00001
10101
11001
00001
00101
00011
10000
00000
01001
10001
10011
10 10 4
0100
1111
0000
0110
1101
1110
0001
1101
0111
1110
0000
1101
0110
0100
1111
1110
0111
0101
1100
0001
10 10 5
00011
00001
11001
01110
01100
11010
00000
01110
11101
00000
01100
10011
00001
11101
00011
00000
11010
01011
11001
01110
10 10 7
0001001
0101101
0010101
0001101
0011101
0011001
0010111
0101001
0111001
0001101
0111001
0101001
0001001
0010101
0011001
1001001
0101101
0011101
0001101
0010111
10 10 10
0010110100
1011010111
0110001100
1100101010
1010111001
1111100101
0011010111
0000110010
1010101101
1100010111
1001110011
1100011110
1010110111
1001000101
1010111101
0100111000
1101000100
0101111101
0010100101
1000001110
10 10 10
0101110100
0101110010
1011101111
0001011011
1001110110
0110011101
0011111100
0011000011
0111001011
1101101000
0101110010
0001011011
1101101000
0111001011
1011101111
0011111100
0110011101
0101110100
1001110110
0011000011
10 10 6
101100
111110
100100
100110
110110
001010
110111
010111
000000
110011
110011
100100
000000
110111
100110
111110
110110
101100
001010
010111
10 1 1
1
0
0
0
0
0
1
1
0
0
1
10 10 6
101011
011011
001011
011111
001010
011101
000011
011011
001011
001101
000011
001011
101011
111011
001010
001101
100011
011111
011011
011101
10 10 6
110010
010101
110001
001001
010110
110100
010010
100010
111101
101110
010101
101110
010010
010110
110010
001001
110001
111101
110100
100010
2 4 6
011001
010001
101011
111111
011001
010001
10 2 10
0101001000
1000000100
0111111011
0110001010
0010001011
1111001100
1001100001
0000101100
0100000001
0110111000
1011000111
0101101001
10 10 10
1011101011
1011101011
1011101011
1011101011
1011101011
1011101011
1011101011
1011101011
1011101011
1011101011
1001110100
0111100101
0101100111
0101111001
0101011101
1010011100
0111000100
1001100011
1000111111
0011100101
10 7 3
011
001
011
011
001
110
100
100
000
100
000
100
001
011
111
110
010
10 10 5
00111
10110
00111
01111
11010
01100
10010
11010
01111
01100
01100
10010
10110
01111
00011
10111
00101
00111
11010
00110
1 10 10
1101000000
0010111000
0111000100
1000001001
1000100010
0001100001
1001101001
1011011111
0001110000
0000111101
1101000000
10 10 7
0101111
1010111
1011100
1001010
1111010
0011011
1100001
0010111
0100111
0111010
0100111
0101111
0010111
1111010
1100001
1010111
0111010
1001010
0011011
1011100
10 10 10
1000010010
1000010110
0001010100
1010010010
0000010100
0000010110
0000010110
0000010110
1000010110
0011010100
0000010110
0011010100
0000010010
1100010010
1000010110
1000010010
0000010100
1010010010
1001010010
0001010100
10 10 7
0110100
1111100
0110110
0110010
1110101
1111101
1101100
1111100
1110101
1110100
1110100
1111101
0110010
0010100
0110110
1110101
1111100
0110100
0100100
1101100
1 1 10
1111111111
1111111111
10 10 10
0111110110
1111100110
1111110110
0100000110
1101011111
1001011111
1111100110
1100100110
1101100110
0110000110
0011110110
1101011111
1101100110
1100100110
1111100110
1001011111
0111110110
0110000110
0100000110
1111110110
