100
3 1 4
1100
1010
0000
1000
2 4 4
1111
1111
1111
0111
1011
1101
1 10 10
1011001110
0110100010
0010011101
1101101100
0010000111
0101101000
1011001110
0100001100
1001110101
1111010010
1011100100
10 10 4
0101
0111
0111
0101
0110
0111
0010
0111
0101
0111
1101
0110
1111
0111
0101
0100
0010
0011
1110
0001
10 10 7
1110010
0000000
1000101
1100000
0000010
0100011
1101111
0010111
1010101
1000000
0000000
0100011
1100000
1110010
1101111
0010111
0000010
1000101
1010101
1000000
1 10 10
0011001101
1011000000
0010001110
0110001110
1010010000
0011001101
0111101001
1100111110
0111001101
0100000010
1100000000
10 10 10
0000000110
1001011111
1100000101
0101100000
1000110100
0110110101
1000010011
0010011011
0101111001
1101110110
0101100000
1000010011
0101111001
0000000110
1000110100
1100000101
1001011111
1101110110
0010011011
0110110101
10 10 9
001110010
010000011
011000110
001010110
100001100
100100000
000110101
111000010
110110110
110100100
001010110
000110101
110100100
010000011
111000010
100100000
001110010
100001100
011000110
110110110
10 10 7
0010101
1010101
0110010
1011110
1011110
1111110
0111010
0111110
1111011
1111010
1011110
0110101
0110010
0111110
0111010
1111011
1010101
0010101
1111110
1111010
10 10 5
01001
01001
01111
01001
01001
01001
01111
01001
01111
11101
01001
11111
11001
01000
01111
11101
01101
01011
00001
00111
10 10 7
1001100
0110110
0010010
0010110
0110111
0001100
1100000
1001010
1111000
0010010
0001100
0010010
0010110
1001100
1111000
1001010
1100000
0110111
1101100
0110110
10 10 5
11101
10011
10110
10010
00110
00001
00100
01101
00001
01101
10110
10011
00100
11101
01101
11001
00110
10101
00001
10010
10 10 9
111000010
110000100
110100010
110000000
110001010
110000010
111000000
110100000
100000010
110100010
110100010
110100000
110000010
100000010
110000100
111000000
111000010
110000000
011000010
110001010
10 10 5
10011
10011
01011
01011
01011
01000
10011
10011
10011
01011
01001
01000
00011
10010
11011
01111
10111
10011
01011
10001
1 1 10
1111111111
1111111111
10 10 4
0111
1110
1111
1101
1111
1100
1110
0110
1111
1010
1100
1111
1101
1010
0110
0011
1110
0101
0111
1011
10 10 10
1001110110
0000011010
0001010001
1101101111
0110011001
0110111010
1100001101
1110111011
1011110100
0111001011
0111001011
0001010001
0000011010
0110111010
0110011001
1101101111
1001110110
1011110100
1100001101
1110111011
10 10 7
1010110
0010011
1101110
1010011
0101010
1100100
1010110
1011010
0110101
1011001
0010011
1011010
1011001
0101010
1101110
0010110
1100100
0110101
1010011
1010110
10 10 6
010001
000101
100111
000000
000000
010000
011100
001000
001001
010111
010001
100111
010000
001001
001000
000000
110001
000101
011100
010111
10 10 10
1000100010
1011110000
1100110010
1010110000
0000100111
0000110010
1000110000
1000110010
1010111000
0000100010
0000110010
0000100010
1000110000
1000110010
1010111000
1010110000
1011110000
0000100111
1000100010
1100110010
10 10 10
0000010001
1011100000
0001000000
1000010011
0111110101
1101001111
0100000100
1011001110
1011101111
1110011100
0010000111
0011111100
1100101001
1101101001
1000101011
1011111001
1000001001
0110010011
0011001100
0001010101
10 10 8
11101110
00101001
10110111
11101101
11101001
00110111
00101110
00011010
10100110
00000111
00110111
00011010
10110111
10100110
00000111
00101001
00101110
11101101
11101110
11101001
10 10 6
100010
101100
111110
110100
101010
111100
100010
101010
101011
111010
100010
000010
111010
101011
101100
111110
111100
110100
101010
110010
10 10 9
110101110
000001000
111100000
001110100
111010100
110101101
001100010
110000010
011001000
010110101
110000010
011001000
111010100
111100000
001100010
001110100
110101110
010110101
000001000
110101101
10 3 2
11
11
10
11
11
11
10
01
01
10
11
10
01
10 10 8
10011110
10010110
10010110
10011101
01000110
10000110
10010110
10011111
11000110
11000110
10011110
11011110
10111110
10011111
10000110
01000110
00011110
10010110
10011101
11000110
10 10 4
0000
0000
0000
0000
0000
0000
0000
0000
0000
0000
1001
0010
0101
0001
1010
0000
0100
0110
1000
1100
1 1 4
0000
0000
10 10 4
1110
0011
0111
0010
1111
0011
0001
0101
0101
1111
1011
0101
0000
1010
0010
0011
1111
1100
1001
0110
10 10 10
0100000001
1000001100
1001111100
1000101000
0001010110
1100100010
1011110110
1000010011
0100000000
1000000110
1110010001
0100011100
1001001101
1100000110
0101110011
0011010011
1100111101
0100101000
0110011111
1001101011
10 10 9
001110001
001110001
001110001
001110001
001110001
001110001
001110001
001110001
001110001
001110001
001110011
001110001
001010001
001110000
001100001
000110001
001111001
001110101
101110001
011110001
10 10 6
011111
111111
111001
011100
111100
110100
101011
001100
000110
100110
110100
001100
111001
101011
011100
111111
100110
000110
111100
011111
10 1 1
1
0
1
1
0
1
1
1
1
1
1
10 10 8
10001101
11100111
00101111
00001111
10001111
00001011
10000111
10100111
00001111
00101011
10001111
00001011
00101011
10001101
11100111
10100111
10000111
00101111
00001111
00001101
9 10 4
0100
0011
0101
1111
1011
0011
1011
1000
0101
1101
1110
0011
1100
0101
0001
0110
1011
0000
0010
10 10 10
0000010101
0000011001
0000010011
0000010001
0000010101
0000010001
0000010001
0000010001
0000010101
0000010001
0001111101
0001111111
1110100110
0000001110
1011111001
1001110100
0001110111
1111100110
0100110001
1001111001
10 10 4
1011
0100
1101
0011
0100
0111
0111
1111
0001
1011
1100
1001
0100
0111
1101
1011
0001
1010
0011
1111
10 10 8
11100110
01011111
10010111
11001111
10001011
10001000
00011100
11101010
01111111
00110001
11100110
01011111
01111111
00110001
11101010
10001000
00011100
10010111
10001011
11001111
10 10 8
11101000
11010111
00010101
10111000
10110011
11100101
11110000
10101001
11101010
00011000
10111000
11101000
10101001
00010101
00011000
11110000
11101010
11010111
11100101
10110011
10 10 10
1011111001
0111000101
0101001101
0111000111
1100000000
1010101010
0111011101
1010101000
0010010111
1110110000
1100000000
0010010111
1010101010
0111000111
0111011101
0101001101
1011111001
1110110000
0111000101
1010101000
10 10 4
1000
1000
0100
1000
0100
1001
1000
1001
1001
1001
0001
1010
0000
0101
0100
1001
1000
1100
1101
0110
10 10 8
11100100
11000110
11100100
11000010
11100111
11110111
11111111
01100110
11100110
11100110
01100100
10100100
11100100
01100110
11100110
11000010
11110111
11111111
11000110
11100111
10 10 5
01110
01110
01110
01110
00110
00110
01010
01110
01110
01110
10110
00110
01111
01110
11110
00100
01010
00010
00111
01100
10 10 10
0000011100
1011100101
1010000100
0110000110
1010000010
1111010001
1011100010
1111111100
1000000101
1100101110
1111111100
1011100010
1010000100
1100101110
1111010001
1000000101
1010000010
1011100101
0110000110
0000011100
10 10 8
00110010
00110010
00110110
01010010
10010111
10110111
00010010
10010011
10110110
10010111
10010111
00110010
10110111
01110010
01010010
10110110
00110110
10010011
10110010
00010010
10 10 6
100000
001101
100100
110000
100100
100000
001100
011101
101100
000100
101000
100000
001101
000000
001100
110000
011101
100100
101100
000100
10 10 5
11101
01011
01000
11111
01111
00001
10011
00101
10110
00110
01111
00001
00110
00101
01011
11101
10011
10110
11111
01000
10 10 6
100111
101111
110110
001111
111011
100100
110011
011110
110001
011010
111001
100101
101000
101011
100111
011011
011110
110110
111010
000001
10 10 4
0010
1011
0010
1010
0000
0001
0011
0011
1011
0000
1001
0001
0000
1011
1010
1111
0010
1110
0011
0110
10 4 10
0000001100
1001001100
0111111110
1010010011
1100001011
0100000100
0010001001
0011000011
0111100100
1110101100
0100001010
0100110100
1010011100
0000001110
10 10 7
0011101
0010011
0011000
0011001
1011101
0011011
0011001
0000011
0010000
1010011
0011001
0000011
1011101
0111101
0011000
0010000
0011101
0010011
0011011
1010011
10 10 8
10001100
00011100
10001100
01101100
10001100
01111100
00100000
00001100
00111100
00001100
10001100
10101100
00011100
00100000
00111100
10011100
01101100
00001100
01111100
11001100
10 10 10
0001101010
1000100010
0001101010
1000100010
1000100010
0001101010
0001101010
0001101010
1000100010
0010011101
1000100010
0000101010
0001111010
0001101010
0001001010
0010011101
1001101010
0011101010
0101101010
0001100010
10 10 5
10011
11001
00000
11000
10000
10001
10001
11001
10101
10000
10011
11000
10101
10001
11001
11011
10111
00011
10000
00000
10 8 4
1101
0100
0111
0010
0111
1111
0011
1001
0100
0100
0000
1111
0001
0111
0010
1001
0011
1110
10 10 6
011000
011000
011001
011011
011001
010011
101011
111001
111011
011100
011000
001000
010011
011011
111001
111011
111000
101011
011001
011100
10 10 6
011001
010001
011001
110001
100100
010001
010001
101100
010001
111010
001001
100100
011101
010001
011001
011011
111010
101100
110001
111001
10 10 4
1100
1000
1000
1000
1000
1110
1110
1100
1000
1010
0000
1111
1110
1101
1000
1100
1010
0110
1001
0100
4 2 10
0010001001
1000001110
0100000011
1000010001
1010100000
0111110010
10 10 10
0000011101
0000011101
0000011101
0000011101
0000011101
0000011101
0000011101
0000011101
0000011101
0000011101
1001001000
1100000001
1110101000
0000000100
0011101010
1110111100
0001110100
0110100011
1110110010
1110001010
10 1 1
0
0
1
1
0
1
1
0
0
0
0
10 10 4
0111
1000
1011
1111
0000
1010
1011
1110
1111
0101
1110
0110
0000
1010
1011
1000
0101
0011
0111
1111
10 10 5
10011
10101
01011
10011
00100
00011
10011
11001
00000
10011
10111
10101
00100
11011
10011
01011
11001
00011
00000
10001
10 7 3
011
100
001
011
110
101
001
011
101
011
011
010
001
111
110
101
100
10 10 10
0100001010
0101011110
0011011110
1111101011
0100111000
1110101001
1101110111
0101111111
1001001000
0010101110
1110101001
1101110111
1001001000
0101111111
1111101011
0100111000
0011011110
0010101110
0101011110
0100001010
10 10 7
1000001
0000001
0001011
1100010
0000011
1101010
1001001
1000000
0000000
1100010
1101010
1000000
0001011
1100010
0000011
1100001
1001001
1000001
0000000
0000001
10 10 5
10110
10110
10110
10110
10110
10110
10110
10110
10110
10110
10111
00010
00110
01110
11110
00111
10100
10010
00100
10110
1 5 8
01110010
11000000
10110001
10010010
11001010
10001011
10 10 8
00100011
10100001
00111010
01000011
01010010
01110101
01100101
10000101
00101101
00000001
10000101
01110101
00100011
00000001
10100001
01000011
01100101
00111010
01010010
00101101
10 10 4
0101
0100
0101
1111
0110
0101
0111
0101
0111
1111
0101
0111
1111
0110
1101
1011
0100
0000
0001
1100
1 10 10
0011101111
0010000100
1101010011
0011001001
0110010010
0101010011
0111111000
1011111001
1101100110
0010001011
0011101111
10 10 10
0000000001
1100001011
1010010100
0110000100
1000101101
1100010000
0110001110
0001001111
1111001011
0111110100
1100010000
1111001011
0001001111
0000000001
1000101101
1010010100
0111110100
1100001011
0110000100
0110001110
2 4 6
011001
010001
101011
111111
011001
010001
1 10 10
0100100010
1101101111
0010010101
0101011110
0100100010
1001011110
0111110010
1111101001
0000100111
1010010000
0000110111
10 10 4
1010
1111
0011
0110
1000
0110
1101
1101
0100
0000
0110
1110
0100
1000
1101
1111
0011
0000
1010
0010
10 10 7
1110101
1101011
0011010
0101110
0000011
1000001
1001011
0100010
1101100
0101111
1101011
0101110
0011010
0101111
0000011
1101100
1001011
1110101
0100010
1000001
10 10 9
011100001
111101001
110111110
010001001
000011011
111101100
000111110
010001001
001100100
111100001
000111110
010001001
011100001
001100100
000011011
111101001
111101100
111100001
001100001
110111110
10 10 10
1001011000
1001110000
1001010001
0010011100
0010011000
0110111011
1101010000
0100111011
1001010000
0110111010
0010011000
1001110000
1001010000
1001011000
0100111011
1101010000
1001010001
0110111010
0110111011
0010011100
10 1 10
0001010110
0101010101
0010101101
0001000101
1101110010
1001000110
0101100011
1010011101
1001101001
0000111011
1000010011
8 10 10
0100010000
0011001100
0100000101
0011101110
1101000100
0100001101
0110110110
0000010000
0101101101
0100101001
0001110011
1000101010
1000110100
1011001101
0001101100
1101011000
1110111010
0000111100
1 1 1
1
1
10 10 5
01000
11010
00000
01010
01010
11000
01010
01000
11111
01000
11111
01010
11010
11000
00000
11110
01000
10010
01100
01001
10 10 6
011111
111111
101010
101011
011011
110001
111111
111000
100010
101101
101011
111000
011011
011111
101101
110001
111111
001111
100010
101010
10 3 2
00
11
11
01
01
11
10
11
10
00
11
00
01
10 10 8
11001010
11000110
11001100
11100110
11101010
11011100
10100110
11001011
11000100
01000100
11000100
11101010
01000100
11100110
10100110
11001010
11001011
11011100
11001100
11000110
1 10 10
0001101101
1101111101
1101110111
1000000111
0000000001
1100011000
0001101101
0010110100
1101110010
0011101001
0010011000
8 10 9
000100111
001110000
111010111
000101000
101000111
111110001
000000010
110001001
000001001
100111001
010101101
000010110
011100110
011111111
010010000
011110001
010000010
100101101
10 10 7
1010011
0011110
1011011
1111011
1011110
0011110
1011010
1011100
1011110
1011011
0010011
1110011
1011110
1010011
1111011
1011010
1000011
1011011
0011110
1011100
10 10 10
0010001101
0110011011
0010010111
0110010000
0010110010
0011110010
1011010111
1011010001
0001111010
1111011110
0010001101
1011010001
0001111010
0110010000
0011110010
0110011011
0010010111
1111011110
1011010111
0010110010
5 10 10
1110011110
0011010000
1010000000
1110101100
0111101000
1011001001
0100001110
0001001001
1001001010
1000111100
0010000101
1101100000
0101100111
0001011000
0000010101
10 10 4
0110
0110
1101
1101
1101
1101
1101
0110
0110
1101
0111
0010
1101
0110
0101
0100
1100
1111
1110
1001
10 10 10
1110111000
0010010010
1001100111
1000011001
0101001011
1110110010
1000001011
1101110100
1110011010
1001111000
1010100101
0110001110
0001001000
0000110000
1001110100
0111010100
1101110110
0100100001
1111011011
0011110000
10 10 7
0110010
1000110
1001000
0110110
1101000
1101110
0101111
0100001
1000110
1000101
0101111
1000101
0100001
0110110
1101110
0110010
1001000
1110010
1101000
1000110
10 6 10
1010110010
0010111100
1111111110
1000110110
0010101111
0000000101
1011110011
0010001011
0011000110
0110010011
0011101000
0100100010
0010101000
0111100001
1011010101
0000000011
10 10 6
110101
010101
101100
010110
000111
100110
001001
001000
100101
111101
111101
100101
010101
001000
100110
000111
110101
101100
001001
010110
1 10 4
1011
1011
0001
0000
1110
0010
0110
1010
1100
1101
1000
10 10 9
001111010
001110000
001011110
001111110
000111000
001111000
001111110
010111110
011101110
011111110
011101110
001011110
001111110
001111010
101111010
011111110
010111110
001110000
001111000
000111000
10 10 10
1000110010
1000000000
0100010000
1110111101
0110100010
1101000101
1101100010
0110010100
1000000001
1100101000
0000100001
1101010111
1001010000
1010010001
0111001100
0101101110
1111101101
0101000101
1011000000
0011000011
10 10 5
01001
01001
01111
11111
01010
01011
00111
01101
11011
01111
11111
11001
01011
11011
01010
00111
01101
00001
01111
01001
10 10 6
100010
110111
010110
101010
011110
001110
100111
000000
010011
000011
000011
100111
100010
101010
010011
011110
010110
001110
000000
110111
