100
3
2 2 2 2 2 2 2 3 3
2 2 2 2 2 2 2 2 2
3
2 2 2 2 2 2 2 3 3
2 2 2 2 2 2 2 2 3
3
3 2 2 4 2 1 6 7 2
3 5 3 6 3 3 3 3 2
3
6 2 5 3 3 5 2 5 4
4 2 5 5 4 4 3 3 5
3
1 5 2 2 2 2 6 3 3
2 3 3 4 1 4 4 2 3
3
7 3 5 2 7 3 4 3 4
2 7 3 4 4 3 6 5 4
3
2 3 2 3 2 2 3 2 7
4 5 5 3 2 1 2 1 2
3
2 3 2 1 1 1 5 1 2
2 4 2 1 2 3 2 1 2
3
406721 406654 402512 400728 403898 405800 408882 409329 412721
403878 410249 404418 403756 400104 407249 407293 410582 409716
3
1 2 4 5 1 2 1 3 1
1 4 1 2 3 1 3 2 4
3
334622 326695 328123 334059 333329 327872 328613 328455 329611
334211 330497 330000 329437 328102 324498 334680 335509 324446
3
4 5 5 2 5 5 4 1 4
2 5 6 5 8 6 1 3 4
3
5 7 2 4 3 3 6 3 5
2 4 3 3 3 4 4 7 4
3
130269 823337 532438 666403 802449 191580 356191 452876 492280
905861 798497 192284 365707 918458 428538 228278 931916 202699
3
678166 647298 660572 674070 669845 666051 650831 667725 663822
672994 671183 663869 664026 660825 662305 663343 663928 655904
3
2 3 3 2 3 3 2 2 2
2 3 6 2 3 1 3 2 1
3
15150 102817 479290 631759 65908 9789 440052 906342 752392
84688 664728 608781 413390 768357 850951 300426 655272 827502
3
906571 32086 209554 749422 659764 319961 343526 496013 197768
80820 302192 793960 117033 155666 882089 356129 888956 851080
3
304497 152268 342198 802480 879335 893582 452846 985927 833281
603873 579761 751923 174958 283916 699791 889009 650222 591354
3
896922 497785 73437 509275 185676 819677 411569 280036 413789
368279 730698 845797 227671 473852 369173 833458 469187 72976
3
155672 154315 154125 153216 152683 155857 154777 154137 154408
154648 152388 157152 154244 153564 156269 153761 152817 154347
3
2 2 2 2 2 2 3 3 3
2 2 2 2 3 3 3 3 3
3
116619 327661 583866 461258 714832 383938 846458 295205 36342
94985 658176 890122 348537 901065 271816 90827 421472 36221
3
168643 27609 835167 356499 50798 630045 770352 904530 32859
78454 939016 587419 6014 420299 933632 801698 523082 484248
3
784236 764719 869973 369474 695452 906439 317379 606770 493603
70003 541920 781923 283565 988104 626616 963354 46538 96960
3
319348 327609 327503 321456 319626 326704 322457 321447 322616
326414 323932 325421 322876 322242 320489 321667 325444 320283
3
50022 902527 696168 256461 961572 895018 177904 941036 996623
336848 4711 377355 661672 581590 494413 375498 746580 436445
3
509909 510303 503366 508734 502502 511818 508380 512556 515893
514502 509194 503890 516324 510668 502265 514662 501071 510882
3
792215 789208 808887 796426 808076 803583 817027 796124 804042
810741 800088 791987 807084 803914 808430 798638 794529 800177
3
155044 153622 155814 156831 155045 153917 154976 154762 155834
152945 155021 154178 157148 155035 155531 155457 154260 156269
3
5 3 2 1 6 2 2 4 3
4 3 4 2 4 3 3 1 3
3
749560 754513 748533 753868 751117 761098 782130 761136 765652
760779 754392 760316 756171 751129 761706 764461 765696 752957
3
3 4 6 5 2 4 3 2 3
2 5 6 3 6 4 3 3 5
3
425527 424154 707465 803837 120555 594784 929073 249906 52272
12627 60215 996916 767691 5893 272319 18269 348629 603237
3
2 2 2 2 2 2 3 3 3
2 2 2 2 2 3 3 3 3
3
2 5 2 2 2 1 2 5 2
2 2 3 1 3 5 2 2 3
3
319058 316969 316132 318763 314821 316735 316066 317351 322039
315372 317070 320510 320910 314750 323530 319740 312681 313376
3
564922 146982 238119 322441 508011 806292 888278 712839 110924
241093 281231 94033 309347 349321 311018 110703 217092 764310
3
97220 981321 935400 880631 186452 426289 69036 472236 102322
713646 477626 676245 537722 818949 255164 361226 452347 502888
3
231486 47843 513020 480975 90791 500093 494630 673075 185367
960217 870421 618631 419246 737327 716220 124351 920162 284008
3
9 9 9 9 9 9 9 9 9
9 9 9 9 9 9 9 9 9
3
964672 710356 421322 181679 290679 456650 43047 963256 285717
43802 939974 990629 826468 682800 186378 364784 498021 466307
3
37023 862628 203587 115276 554510 123786 748030 817184 772847
548180 88680 992065 759458 197051 963706 130343 306359 726328
3
534091 539898 547462 537748 538780 543483 534792 546070 537961
536877 544446 536484 542642 542010 542922 531590 548570 534752
3
51410 177445 741576 599132 871814 642751 159093 393596 110344
318219 641963 306469 800644 946042 717759 156728 104891 504102
3
2 4 1 1 2 3 1 1 2
2 1 1 1 2 4 2 2 1
3
38664 754253 843903 878430 234164 145297 628876 661751 488060
40704 250834 480828 140247 219987 534029 203015 152322 997993
3
414899 402189 412327 408991 409079 410026 404887 404675 410623
405811 407960 403956 407997 410319 403212 414853 409664 413925
3
297864 415022 373317 570501 614988 989429 896206 469449 27396
572529 991508 549770 80233 937745 854510 69488 998247 825575
3
562221 346096 74033 26412 576938 792473 679051 217993 376667
184437 888043 174306 496585 96792 958186 607482 176424 433625
3
356475 357522 359776 355948 354986 352349 355656 356542 357835
359218 352190 353518 356484 356207 354529 358738 359793 356410
3
734199 746298 765378 504703 800175 668623 225963 527173 77662
372363 385060 796820 680770 210085 860100 120018 166675 105421
3
432210 691399 678413 768124 632787 406461 134584 515772 836054
156682 136419 785845 904525 775578 588296 620063 930054 981425
3
2 2 1 3 3 4 3 2 4
3 3 3 2 3 3 4 3 2
3
613904 236068 791563 317350 467106 128915 155894 237842 685824
633408 820764 513662 974348 126419 338243 236700 313999 316110
3
95231 563722 302613 945993 729681 355619 110252 455133 443524
143788 210293 128512 12793 538908 568735 35654 225656 631901
3
996420 399792 995068 675622 861430 666137 941185 112694 919216
223803 868368 745217 453712 921488 33299 905879 25311 59053
3
589629 910517 342084 810923 534119 103477 722052 610496 849116
508164 905397 68410 205700 876105 494517 740131 876256 46765
3
67454 196051 562056 906902 397597 488107 374082 995140 814476
130416 150308 86102 763148 814069 279444 204472 291596 992294
3
1 1 1 1 1 2 2 1 2
2 1 2 1 1 2 1 2 1
3
546976 287899 565236 990296 583962 191925 450252 878396 356082
119170 116548 588066 567622 640850 313586 609782 629289 214478
3
793568 794695 811776 792439 807730 798896 806924 796550 809683
799529 806445 806919 798769 795725 800962 803004 796784 804121
3
49496 342 406735 45092 892256 837448 84662 45193 964154
696829 900442 584545 395520 714996 24600 718326 313538 740451
3
481248 490707 476343 479935 486481 486723 479949 476174 484490
475889 485429 480844 487183 479333 483259 485405 483611 481095
3
321515 330416 330406 324588 329280 330282 328135 324088 330509
325164 326039 323912 329265 331688 330165 330078 323641 329267
3
561702 573038 575282 558762 562916 569087 567324 570127 560111
562860 568953 561745 575830 573237 570150 560560 555351 569661
3
4 5 7 6 7 1 6 5 7
7 4 6 4 6 6 4 5 3
3
838545 849440 849388 835596 846258 839437 846545 852141 852518
852511 842393 844562 840504 851991 837080 846159 838044 856622
3
4 3 4 5 7 6 6 5 6
8 3 8 4 4 4 4 4 7
3
170993 427195 825637 990078 880405 959687 242376 859410 810183
476986 957511 610904 981967 668817 337443 961480 568502 955717
3
176729 974428 142430 531592 918308 703455 497101 538935 401776
139381 165424 823330 911593 411602 640894 23279 83413 610745
3
745351 530390 216078 166731 70645 342543 528943 906579 839900
452419 773963 202004 887555 860282 289121 857511 326989 594684
3
229507 226374 227831 228069 229118 229028 232374 229743 231377
230063 228821 230638 229035 228900 228311 229915 227438 230301
3
3 9 4 5 5 4 6 4 8
5 7 6 5 5 4 2 3 5
3
90621 90597 91335 91111 91809 91069 90855 91793 91936
90720 92335 91390 91923 90918 90980 90171 90702 91984
3
3 4 1 5 8 4 7 3 2
4 4 3 2 5 1 4 4 4
3
5 2 2 2 1 4 4 4 4
2 4 4 5 1 2 3 4 3
3
450485 481213 244680 936776 657739 295 934076 952592 12910
987135 303037 494433 327734 262921 735587 212707 910703 616144
3
2 3 5 5 4 5 2 3 3
2 1 6 6 2 1 4 4 6
3
346616 45810 9328 964252 189676 123780 977338 445485 398183
476583 448171 247645 883639 572666 759385 728133 219964 980039
3
2 3 2 4 1 1 2 1 3
2 1 3 2 2 2 4 1 4
3
474458 147630 861790 332203 695016 28251 324251 457582 946103
10520 91093 948828 623380 238063 463973 786426 350966 201061
3
304684 305809 306208 308154 307792 305082 306063 312160 307064
302464 309187 305440 307162 310114 303342 306773 312648 305885
3
556168 33118 451186 860966 162419 834917 478509 118741 7456
620203 740145 238797 467369 577450 306424 187499 704515 411677
3
462994 468888 463417 460541 453067 464744 462296 469637 463280
462675 460575 466482 463960 467819 456221 464157 467693 459283
3
882083 526567 898764 141515 110623 359299 300549 943128 485100
632092 71351 702100 617073 277542 873164 333145 643365 463255
3
1 2 2 1 1 1 1 1 1
1 1 3 1 1 1 1 1 1
3
972538 954444 966701 964797 960952 967335 964847 953912 967388
954721 966165 966883 954245 967315 967721 964650 964555 966660
3
266078 222680 723752 415968 406627 933109 949000 309086 843419
540319 610614 161918 459302 928409 555705 446199 823383 748599
3
992355 988661 1000000 992508 981054 989332 991772 983599 993276
985912 990889 999270 983787 984573 984497 992590 998249 993064
3
455184 65476 791589 71674 279871 657204 273460 413684 216166
467568 617062 958821 889653 435315 689113 98679 862433 392403
3
173421 843798 532614 612156 850044 743013 839625 716514 318484
896246 388919 906055 713650 454969 533232 19519 799694 256212
3
906355 906487 882106 900135 910511 893577 902753 882856 898368
915073 899535 887990 891725 892610 898717 915584 891164 890753
3
917221 315750 963065 393928 772015 391732 912354 261878 989112
769731 998808 883114 449361 786700 744258 622321 708454 139773
3
1 2 1 1 2 3 2 2 3
1 1 1 2 1 2 2 2 1
3
165455 363732 322470 242002 124743 507757 667545 935521 426346
227718 446986 601914 9241 743898 479838 665137 493891 988529
3
471119 261321 776093 557872 382517 15292 275033 322080 588363
11490 136188 367949 22240 314554 253384 589263 128086 742462
3
35950 104980 430514 748147 145058 208867 308162 502856 68731
69773 665580 956030 783037 801778 645953 81708 326970 903284
3
988278 235219 255075 142511 238104 331287 977935 928719 518574
311169 136409 267150 920516 445262 893896 516930 556902 17558
3
537008 413454 108874 32137 854464 430312 358379 498125 730742
199443 726736 866507 507945 759221 772194 697468 68895 302825
