100
3
2 2 2 2 2 2 2 3 3
2 2 2 2 2 2 2 2 2
3
2 2 2 2 2 2 2 3 3
2 2 2 2 2 2 2 2 3
3
685958 864579 551820 998851 576879 954501 706225 379617 851854
631406 207397 430963 586460 657511 684037 55074 248919 547066
3
109719 109341 110537 112997 111269 111819 109210 111004 108198
110787 111426 109762 109181 110168 109544 109759 110781 112688
3
778472 302539 822385 857499 956127 97941 94400 759824 225464
550128 652743 48592 490295 627504 970304 116871 295297 231801
3
186685 188089 186762 184537 185970 188603 187632 187068 188523
188810 184392 184402 191950 186930 186428 183281 188171 189504
3
366472 363009 370444 365908 369583 367507 367797 367305 371477
369493 368827 370017 366530 360686 365781 368396 366240 373531
3
886701 221804 640251 131631 779935 63308 938423 908331 213418
84811 336537 419722 740925 346058 552876 390585 347232 195690
3
9223 948777 756231 747151 140710 542180 476869 450796 401241
480935 26399 624435 57038 449202 571570 330620 305552 401436
3
687256 766232 398456 102172 105442 252827 861071 939651 689516
290364 980532 508824 616895 367947 574992 601975 138215 291988
3
526598 649803 845794 353628 179648 996111 359676 282160 516519
484352 154561 983791 551782 917975 424883 600245 122079 654876
3
611956 748720 384946 598158 434507 392136 138274 923306 281699
163165 224642 624677 691522 625393 143632 363957 41020 141584
3
837909 591822 645066 498293 9484 792940 430882 392570 323959
358179 192067 848397 394007 826017 21057 319772 944286 537839
3
780981 995309 515381 458744 917401 463074 272580 221610 474710
456587 113681 473083 622852 37942 317638 141450 247380 243379
3
553188 831212 287679 79868 766407 175052 338739 588260 762729
715069 707952 265580 345432 146008 855093 140929 488415 477728
3
972729 829033 393512 532614 664598 190089 97204 342090 116025
975436 273037 894733 9425 528012 179626 433205 847927 88523
3
1 1 3 3 2 1 1 1 2
1 2 4 2 1 1 2 1 2
3
61137 61441 61667 61468 61342 60284 61281 61402 62103
61179 60817 61051 61298 61449 61090 61281 61658 62309
3
499210 875830 106728 379191 974897 882862 536842 603213 179434
159693 224919 379444 45287 599748 931111 619591 801564 363518
3
492245 450712 762632 877452 214192 564134 291907 459501 926077
547982 986869 670106 153463 58877 729526 613003 429584 537470
3
35617 599422 820520 566535 212919 710282 709018 556815 631005
335347 765296 581053 305944 458428 126411 960637 319163 730693
3
3 5 6 2 2 8 6 6 4
5 5 6 4 5 5 4 3 4
3
9 6 5 6 4 2 4 2 1
1 6 9 5 2 4 5 7 3
3
276900 274612 282422 276888 281392 276557 275199 274741 283124
277209 276603 277915 273843 278046 280892 279021 279813 278494
3
1 1 1 1 1 1 1 1 2
1 1 2 1 1 1 1 1 1
3
106405 106015 103917 106081 107307 105088 105754 105810 104758
106465 105401 105512 105902 105464 105112 105878 105310 106091
3
300401 877582 996759 89541 12918 123830 642081 951153 939159
839002 71477 882622 405000 719849 400239 436616 527823 764004
3
4 3 2 2 3 5 5 7 7
5 5 5 3 4 3 2 5 2
3
786101 779633 445915 533066 519643 134839 398817 516631 582639
646675 662049 326331 303464 970630 143923 565083 836923 817623
3
5417 971299 910680 58741 362670 40661 611682 10802 670516
761066 915961 161886 645501 713140 729688 927360 80463 912320
3
738107 779778 182429 476542 679925 522686 64654 927427 903196
480119 190036 682361 992441 720573 393932 946583 62050 747480
3
330843 322557 324480 325507 326480 325795 326667 326821 321645
322253 328080 325406 323592 326616 327677 323403 325024 328744
3
523491 520327 512003 517759 509050 520089 519661 504290 506726
515259 518957 510765 521126 513189 503596 520222 509837 520446
3
755821 754855 766363 754528 744753 748199 751429 741702 752936
752978 759733 748162 749238 757347 754313 750596 743895 754324
3
128984 672336 798807 768357 566185 77306 209735 489969 618759
271362 506614 755230 139579 794232 421906 91371 280858 651952
3
141524 139738 142291 139146 139338 142235 141667 141665 140033
140212 143257 141976 141094 138861 140266 140689 140828 140457
3
8 4 7 2 4 6 6 5 1
4 7 3 8 3 4 4 7 3
3
9 9 9 9 9 9 9 9 9
9 9 9 9 9 9 9 9 9
3
759361 244573 674187 929895 394225 41862 241625 846723 17163
889390 823974 313635 359770 666931 228408 354721 505622 711600
3
868309 154176 474156 568056 416157 317174 100242 533739 92114
184363 147695 856737 726493 686945 162349 247801 180585 415308
3
3 2 2 1 2 3 1 2 1
1 2 1 3 2 2 2 4 3
3
7 4 2 3 4 7 6 6 7
7 4 3 5 5 10 5 3 4
3
976360 986169 993116 982655 971943 1000000 987106 993352 975014
991049 1000000 984136 976318 980004 982339 984877 990197 986110
3
853248 96336 997321 103024 968719 328746 523960 657948 455705
192022 34757 51889 542449 368042 676936 495098 430400 235331
3
2 2 2 2 2 2 3 3 3
2 2 2 2 3 3 3 3 3
3
892756 874794 897914 867672 873702 862121 878177 880689 886463
870299 881332 865664 882557 880118 888443 883879 882728 879269
3
661958 659872 668808 676634 671919 667926 668605 675239 673630
675194 670205 671941 662713 656300 671180 671827 670846 674385
3
11008 10990 11036 10945 11024 10897 10926 10952 10809
10959 11021 11007 10902 10933 10893 10812 10979 11080
3
3 3 6 3 3 4 2 2 6
5 3 3 5 1 6 1 3 3
3
668828 852673 240139 134899 427303 910922 460171 731529 516652
698221 691110 331989 873348 946017 109497 104238 81810 134609
3
7019 925071 18140 916831 946280 832147 925328 281705 678012
114747 794272 814646 49559 904826 939618 328278 908927 111474
3
752313 472553 9671 834418 928074 821489 413031 350228 16158
4789 880792 4007 344293 811903 997736 990718 806126 641978
3
769609 858602 968770 618442 527080 351599 716258 56600 281711
36259 75987 588562 524245 372320 169298 995129 559856 447988
3
934242 337378 864747 509103 76256 8155 958377 610129 542747
932702 368843 802362 674635 349962 831283 290936 459215 560352
3
4 3 7 5 1 3 1 7 4
4 5 4 3 2 6 5 4 1
3
858565 672481 521957 984989 273635 169230 986667 824152 806536
30577 576278 37134 179655 790167 941092 538764 373253 759906
3
2 3 3 2 4 8 3 3 3
3 3 6 1 4 4 4 4 4
3
603720 602928 604252 594865 595286 609771 608803 597872 608105
592327 612132 602256 610315 605994 609208 599778 593695 599897
3
1 1 3 2 3 1 4 5 2
3 3 1 2 3 2 3 2 2
3
791442 207828 5614 874884 195741 196153 604289 529182 22649
182048 765994 958564 943065 144901 860510 896894 865592 867895
3
764730 945910 21250 642333 500328 782670 892766 853790 420963
755858 542824 304544 376866 913980 300130 825590 219914 233306
3
170650 279237 482060 627419 220179 421326 371613 930707 945892
423470 601530 903934 805592 497974 894361 706159 473517 704146
3
5 3 1 3 3 2 4 2 4
4 3 2 5 3 1 2 3 2
3
442737 167090 177790 373588 28796 995140 66836 96514 863113
606021 542377 550765 972523 738180 691468 843761 644158 418246
3
2 2 2 2 2 2 3 3 3
2 2 2 2 2 3 3 3 3
3
2 1 2 1 3 4 1 2 1
4 3 1 1 1 2 2 2 1
3
325021 579773 184954 884297 569289 173751 851429 999543 780143
256407 612642 552399 159939 539674 865842 743931 925022 805483
3
948060 51054 355697 168390 9468 146274 954884 242340 77316
740908 468403 562181 316805 265926 78773 924735 67249 483057
3
21989 21658 21795 21550 21793 21946 22042 22086 21832
21736 21974 21792 21848 21810 21660 22104 21963 21804
3
940038 945618 942528 945825 938479 921000 949680 930710 944635
934610 937205 938210 937668 931672 939138 944781 944765 950464
3
460750 639181 110016 366383 710421 60592 12502 940149 718581
506938 675258 183861 737395 457732 115075 13659 805801 977411
3
184413 834223 459188 446829 929813 868075 180870 688624 894175
51647 556601 338001 458292 555508 259162 716948 816722 918959
3
1 3 3 2 3 4 1 2 2
2 3 2 1 2 2 2 3 2
3
1 1 3 1 1 2 2 2 1
1 3 1 1 1 2 1 1 1
3
448433 245023 638535 892165 429206 332048 904940 612330 430347
965444 468770 729726 579512 576497 866851 296189 316571 701583
3
870321 856139 852920 861209 862479 840731 849691 859025 854848
850927 852925 865948 862209 857129 851213 856237 851968 858813
3
3 4 7 3 5 1 2 3 3
2 3 7 5 3 4 2 3 3
3
4 7 2 3 5 7 4 3 3
6 4 3 6 4 7 5 4 4
3
737944 746633 730325 736139 746521 735373 738696 736011 742343
735931 735667 740006 745457 734692 734930 733510 753159 736636
3
292293 292915 291905 293881 297485 298548 296759 294559 292804
293323 296036 292428 294318 292559 296314 295821 294435 295914
3
10 11 8 2 5 4 2 3 2
6 6 7 3 5 7 4 5 6
3
44946 180379 239899 198820 391574 272168 705204 937577 960462
944974 408375 562012 454671 517814 551199 786161 824618 577679
3
400007 637773 550447 966143 484533 147196 671622 556012 773316
975824 273387 980526 619124 511847 880149 444164 861671 109000
3
405310 409052 401825 404158 399916 408339 403163 407145 402742
410587 406101 403974 408864 402097 408443 399886 400727 400971
3
319283 132219 836240 227361 596104 617533 600233 653844 49528
816081 695376 895718 563621 537843 452963 930043 631479 11151
3
235359 924331 337536 981072 991557 267113 125285 137444 412906
160494 139267 846628 332137 39791 569766 70003 153154 585572
3
165701 167959 170015 168457 168654 167692 170900 165968 166887
169829 165886 167301 168629 167248 170416 169886 165872 167168
3
5 2 3 5 6 6 6 6 8
1 4 5 9 4 5 6 4 5
3
2 1 3 2 2 5 3 1 2
3 2 4 3 5 1 2 1 1
3
455231 468146 457705 462252 458595 460719 458981 456540 457042
462861 457922 455655 457148 456066 467128 461900 457731 458799
3
2 4 2 2 3 4 2 2 4
3 2 5 2 1 4 3 2 3
3
716331 104710 124363 624882 447451 556166 689688 274556 64007
142586 595499 564612 707243 75224 548887 927498 663992 111046
3
338507 965269 792569 748389 927621 930798 281515 198395 878813
909022 186995 461562 191810 809082 599207 634195 977192 546369
3
5 2 5 3 2 1 2 2 1
2 2 3 2 2 1 5 2 3
3
181285 300743 10511 970147 658577 867797 516273 35836 753443
543244 613313 325188 416514 106935 210598 710506 177563 197517
3
583093 595906 599614 582515 586241 584988 590069 586943 596911
587227 586621 584708 587522 592741 595171 601816 589273 581200
3
1 2 4 2 1 2 3 5 2
3 2 4 2 2 2 3 4 2
3
425617 419012 425729 423497 420405 417369 421017 428860 422362
421555 422969 422728 428495 422061 422180 417992 424615 421279
3
223756 214689 226933 34053 394415 168514 349264 60533 853246
777011 653698 437917 901851 932973 43235 184581 612748 886593
3
4 3 6 7 5 4 3 4 6
6 8 2 7 1 3 4 5 2
