900
1
3
5
9
16
25
11
7
13
19
4
48
24
21
29
50
73
164
192
228
154
149
34
70
220
42
87
247
178
14
17
28
196
235
473
81
179
354
62
109
39
33
35
107
22
38
77
174
274
135
74
23
387
369
239
309
60
127
268
142
203
111
232
110
89
43
103
217
100
212
194
141
208
240
216
181
197
56
120
209
329
606
284
488
225
176
245
301
358
139
275
378
299
370
145
90
205
106
222
393
187
352
230
140
267
340
569
361
202
400
551
148
500
574
303
45
92
75
167
520
533
265
193
210
312
360
251
456
254
300
649
261
278
557
594
756
255
416
346
326
656
298
421
305
170
313
640
508
505
136
272
316
177
233
468
790
859
549
319
477
287
433
554
296
314
211
213
430
440
776
391
439
334
457
483
311
277
480
121
550
436
442
292
539
667
460
641
200 204
374
530
381
328
356
349
367
605
597
332
406
777
348
591
526
610
555
479
768
219
786
78
241
486
489
652
638
741
446
282
302
611
226 227
658
592
502
807
623
556
389
778
690
570
491
276
438 443
362
113
308
626
706
742
404
809
803
575
485
969
723
147 150
531
184
559
231 234
125
739
829
0 2
802
736
425
823
541
153 155
745
561
315
576
914
898 901
357
159
0 0
860
913
260
450
644
46 47
994
998
775
804
887
899
281
94 95
6 8
333
435
865
396
654
499
678
472
702
283
286
958 960
687
320
604
621
954
0 0
116 117
451
588
925
694
907
412
849
869
821
852
642
880
183 185
323
975
532
729
712
938
99 101
198 199
59 61
131 133
682
66 67
114 115
718
951
266 269
536
134 137
870
959
864
514
297 304
614
455 458
848
462
347
931
0 0
0 0
447 449
889
787
112
351
229
662 664
168 169
844
243 244
496 498
325
602
672
40 44
156 157
688
201
397
647
812
755
955
933
743
123 124
734
646
365 366
512 513
509
96 97
719
86 88
129 130
922
785
596
538
431
126 128
888
779
52 53
679
581 582
648
464 465
273 280
236 237
57 58
415 417
0 0
0 0
0 0
0 0
0 0
0 0
0 0
0 0
0 0
0 0
161 162
68 69
722
663
637 643
256 257
15 18
891 892
978
504
693
481 482
546
252 253
41
83
680
359 363
708
784
510 511
413 414
766
728
792
0 0
459 461
384 385
655
830
799
935
521 522
180 182
407 408
819
624 625
0 0
699 700
390 392
825 828
832 833
586 587
963
452 454
707
0 0
0 0
0 0
0 0
0 0
0 0
0 0
0 0
63
691
506
724
962
497
716 717
820
10 12
846 847
0 0
98
379
761
545 547
420
842
831
980 981
827
616
0 0
122
258
516
0 0
132
601 603
0 0
166
926
875
519
76 79
0 0
186
364
942
20 26
944
983
971
238 242
0 0
189
102 104
0 0
279
618 619
80 82
615 617
173 175
675 676
695 696
782 783
0 0
293
593
780
138 143
0 0
294
218 221
36 37
0 0
317
645
905
923
285 288
976
441
692
850
476 478
772
335 336
757
854
249 250
0 0
342
845
811
0 0
377
560
967 968
517 518
714 715
105 108
822
540
151 152
886
908
484 487
867
368 371
403 405
534 535
665 666
339 341
54 55
948
0 0
380
493
986
463
997
733
291 295
0 0
411
863
372 373
747
919 920
31 32
861 862
977 979
0 0
423
936
543 544
900
0 0
429
818 824
815
0 0
448
669
668 670
990 991
0 0
453
753 758
710 711
924
595 598
64 65
631 632
523 524
982 984
474 475
684 685
466 469
0 0
467
0 0
507
337 338
0 0
515
49 51
871 872
0 0
565
989
851
525 527
589 590
705 709
0 0
567
992
0 0
584
660 661
0 0
613
0 0
627
635 636
537 542
0 0
629
0 0
639
826
671
800 801
0 0
650
0 0
677
444 445
0 0
704
816 817
0 0
713
857 858
0 0
725
548 552
726 731
651 653
206 207
843
673 674
0 0
727
528 529
0 0
730
564 566
0 0
732
932 934
0 0
738
394 395
0 0
746
985 988
494 495
917
609 612
324 327
0 0
748
84 85
0 0
754
0 0
764
874
884 885
941 943
0 0
767
0 0
771
577 578
310 318
0 0
791
749 750
996 999
0 0
836
490 492
0 0
839
259 262
834 835
0 0
855
330 331
0 0
877
0 0
878
0 0
890
579 580
321 322
144 146
987
0 0
893
398 399
270 271
0 0
895
0 0
896
0 0
906
681 683
0 0
921
0 0
939
0 0
950
71 72
0 0
964
0 0
966
0 0
970
0 0
972
0 0
27 30
0 0
91 93
0 0
118 119
0 0
158 160
0 0
163 165
0 0
171 172
0 0
188 190
795 796
0 0
191 195
0 0
214 215
0 0
223 224
382 383
0 0
246 248
0 0
263 264
720 721
386 388
583 585
343 344
916 918
0 0
289 290
0 0
306 307
0 0
345 350
0 0
353 355
0 0
375 376
0 0
401 402
0 0
409 410
0 0
418 419
0 0
422 424
0 0
426 427
0 0
428 432
0 0
434 437
0 0
470 471
0 0
501 503
0 0
553 558
902 903
657 659
628 630
0 0
562 563
0 0
568 571
0 0
572 573
0 0
599 600
879 881
0 0
607 608
740 744
0 0
620 622
0 0
633 634
0 0
686 689
853 856
904 909
0 0
697 698
0 0
701 703
805 806
0 0
735 737
945 946
0 0
751 752
0 0
759 760
0 0
762 763
973 974
0 0
765 769
0 0
770 773
0 0
774 781
0 0
788 789
0 0
793 794
0 0
797 798
0 0
808 810
0 0
813 814
912 915
0 0
837 838
0 0
840 841
0 0
866 868
0 0
873 876
0 0
882 883
0 0
894 897
0 0
910 911
0 0
927 928
0 0
929 930
0 0
937 940
0 0
947 949
0 0
952 953
0 0
956 957
0 0
961 965
0 0
993 995
0 0
