100
42
11
1
2018
5954127472398391
384443935825547
7
8471753910119672
4431853095964224
7901973490564505
6067147978289910
6494859847130547
3637925977341630
3365124834786115
6759843951711626
8154069562252393
3453406186497825
5420719308189278
2639440030928399
6369348233275899
1877600603295153
95
3107830737162495
2939130926865064
7038475019782589
4019719108083672
6933681297952160
3977690328185314
6190706650401611
5
2
7750469542761923
1894911967044214
6385774606007778
583304887633731
1489198971321027
6981769931275395
887124439141175
1901631664312562
5236955947394296
1442972719212667
3883239971858893
8270834768020697
6389673797048706
387289461327902
9496290066427105
8284365214356248
7017783366974177
4
3099162929465299
6751774325550443
8001131840954957
8
3107675901411480
3735688500826274
2595438627800524
3970050578498466
202251894629036
781717072811013
7103757519722422
319463384915279
2990128290853542
26680743264059
6
1997816512794931
3635161534824660
5182485300491935
2013301317807638
10000000000000000
5385586296086950
3452921729989051
8746408904920231
5775050968727920
242315158779336
1061245713771977
6969332872432116
3001808777692752
4368962534471300
4896060912775769
9999999999999999
2252633056540638
2956241270236762
10
8888888888888889
5590807831720553
1555555555555555
9925332431310909
4927616378841618
9
6300372400803300
6506523190107815
9494786023822310
6333767033936212
3
2567147773811851
1022878861979148
1202085713379032
8706684034671610
9446577129475563
186570148815501
