100
42
11
1
2018
97769
975
58911
85802
58928
12849
47523
64678
76166
84392
10427
21206
29131
46698
28229
9224
92744
10556
99999
69621
77976
89594
81669
13909
33525
242
55750
44559
96217
95
43197
52984
22669
4
81614
56473
62657
80380
3
75531
57217
1196
22165
76476
95428
462
48910
6
52251
98422
20966
26738
79688
46210
28771
78895
8
64932
75916
65155
89558
32008
4314
25325
46553
100000
8118
5
69580
23939
54414
27206
2
53837
9
34003
80839
82915
38749
31240
25854
97481
32264
74851
22693
7228
7
20010
10
43943
15269
88743
58176
34085
57001
37611
